Exercise 2:
Used machine: Intel(R) Core(TM) i7-6500U CPU @ 2.50GHz, 2592 Mhz, 2 Core(s), 4
Logical Processor(s)
And I got the following results:
Dimension       Time    Gflop/s       GB/s        Error                                  16   1.741518   2.871062   0.610101 3.315413e+06                                  64   1.733675   2.884277   0.612909 2.139775e+05                                 112   1.720061   2.907771   0.617901 6.909917e+04                                 160   1.725636   2.907681   0.617882 3.262740e+04                                 208   1.746939   2.884697   0.612998 1.942056e+04                                 256   1.767807   2.847124   0.605014 1.295710e+04                                 304   1.750218   2.889356   0.613988 8.960192e+03                                 352   1.733889   2.892708   0.614700 6.643297e+03                                 400   1.765976   2.899246   0.616090 5.225164e+03                                 448   1.851708   2.913484   0.619115 4.377055e+03                                 496   1.886352   2.910950   0.618577 3.624589e+03                                 544   1.953587   2.884244   0.612902 3.146752e+03                                 592   1.811822   2.862792   0.608343 2.366970e+03                                 640   1.818095   2.883722   0.612791 2.057747e+03                                 688   2.255884   2.887211   0.613532 2.219246e+03                                 736   2.182125   2.740596   0.582377 1.782202e+03                                 784   2.503993   2.886732   0.613430 1.864315e+03                                 832   2.006981   2.869635   0.609797 1.336918e+03                                 880   2.322192   2.934607   0.623604 1.411015e+03                                 928   2.767251   2.887988   0.613697 1.475781e+03                                 976   3.222717   2.884877   0.613036 1.549697e+03                                1024   2.228106   2.409540   0.512027 8.248120e+02                                1072   2.152571   2.861520   0.608073 8.528079e+02                                1120   3.062222   2.293968   0.487468 8.960978e+02                                1168   3.687021   2.160842   0.459179 9.299633e+02                                1216   4.029441   2.231136   0.474116 9.585753e+02                                1264   3.613074   2.794695   0.593873 1.000952e+03                                1312   4.043642   2.792536   0.593414 1.043629e+03                                1360   5.456119   2.305170   0.489849 1.073217e+03                                1408   5.190715   2.688752   0.571360 1.115054e+03                                1456   5.557267   2.777108   0.590136 1.151790e+03                                1504   5.915621   2.875499   0.611043 1.186231e+03                                1552   6.515329   2.868856   0.609632 1.225675e+03                                1600   7.525339   2.721472   0.578313 1.273736e+03                                1648   8.292240   2.698794   0.573494 1.292106e+03                                1696   9.028574   2.701646   0.574100 1.339578e+03                                1744  10.965958   2.418594   0.513951 1.386754e+03                                1792  10.161620   2.831529   0.601700 1.410252e+03                                1840  10.980732   2.836561   0.602769 1.447912e+03                                1888  11.644216   2.889786   0.614080 1.487555e+03                                1936  12.541399   2.892944   0.614751 1.532793e+03                                1984  13.738552   2.842196   0.603967 1.565178e+03 

Exercise 4:
Jacobi 2D with N=100 and 26000 iterations
iteration     residue                                                             ---------------------                                                              2000        10.713809                                                             4000        1.429442                                                              6000        0.190701                                                              8000        0.025441                                                              10000        0.003394                                                             12000        0.000453                                                             14000        0.000060                                                             16000        0.000008                                                             18000        0.000001                                                             20000        0.000000                                                             22000        0.000000                                                             24000        0.000000                                                             26000        0.000000                                                            0.000201 seconds per iteration

Jacobi 2D with N=500 and 2600 iterations
iteration     residue                                                             ---------------------                                                              2000        398.076641                                                            4000        356.271645                                                            6000        324.194149                                                            8000        297.160005                                                            10000        273.384645                                                           12000        251.998324                                                           14000        232.523251                                                           16000        214.670069                                                           18000        198.244927                                                           20000        183.104596                                                           22000        169.134309                                                           24000        156.236639                                                           26000        144.325798                                                          0.005189 seconds per iteration




Gaus-Seidel 2D with N=100 and 26000 iterations
iteration     residue                                                             ---------------------                                                              2000        15.141232                                                             4000        2.019973                                                              6000        0.269482                                                              8000        0.035951                                                              10000        0.004796                                                             12000        0.000640                                                             14000        0.000085                                                             16000        0.000011                                                             18000        0.000002                                                             20000        0.000000                                                             22000        0.000000                                                             24000        0.000000                                                             26000        0.000000                                                            0.000140 seconds per iteration

Gaus-Seidel 2D with N=500 and 26000 iterations
iteration     residue                                                             ---------------------                                                              2000        562.964303                                                            4000        503.842913                                                            6000        458.478327                                                            8000        420.246096                                                            10000        386.622426                                                           12000        356.377321                                                           14000        328.835110                                                           16000        303.586617                                                           18000        280.357715                                                           20000        258.945862                                                           22000        239.188755                                                           24000        220.948612                                                           26000        204.104103                                                          0.003868 seconds per iteration 

